MidiCAVE
offset = 0;1.0735;0

screen/wall name centre normal up width height resX resY

s FRONT-UP 0;0.40275;1.345 0;0;-1 0;1;0 2.147 1.3415 1920 1200
s FRONT-BOTTOM 0;-0.40275;1.345 0;0;-1 0;1;0 2.147 1.3415 1920 1200
s BOTTOM 0;-1.0735;0.6725 0;1;0 0;0;1 2.147 1.345 1920 1200
s LEFT -1.0735;0;0.6725 1;0;0 0;1;0 1.345 2.147 1200 1920
s RIGHT 1.0735;0;0.6725 -1;0;0 0;1;0 1.345 2.147 1200 1920

w FRONT 0;0;1.345 0;0;-1 0;1;0 2.147 2.147 1920 1920
w BOTTOM 0;-1.0735;0.6725 0;1;0 0;0;1 2.147 1.345 1920 1200
w LEFT -1.0735;0;0.6725 1;0;0 0;1;0 1.345 2.147 1200 1920
w RIGHT 1.0735;0;0.6725 -1;0;0 0;1;0 1.345 2.147 1200 1920