BigCAVE
offset = 0;1.701;0

screen/wall name centre normal up width height resX resY

s FRONT-TOP 0;0.638;1.701 0;0;-1 0;1;0 3.402 2.126 1920 1200
s FRONT-BOTTOM 0;-0.638;1.701 0;0;-1 0;1;0 3.402 2.126 1920 1200
s RIGHT-TOP 1.701;0.638;0 -1;0;0 0;1;0 3.402 2.126 1920 1200
s RIGHT-BOTTOM 1.701;-0.638;0 -1;0;0 0;1;0 3.402 2.126 1920 1200
s LEFT-TOP -1.701;0.638;0 1;0;0 0;1;0 3.402 2.126 1920 1200
s LEFT-BOTTOM -1.701;-0.638;0 1;0;0 0;1;0 3.402 2.126 1920 1200
s BOTTOM-LEFT -0.638;-1.701;0 0;1;0 -1;0;0 3.402 2.126 1920 1200
s BOTTOM-RIGHT 0.638;-1.701;0 0;1;0 -1;0;0 3.402 2.126 1920 1200
s TOP-LEFT -0.638;1.701;0 0;-1;0 -1;0;0 3.402 2.126 1920 1200
s TOP-RIGHT 0.638;1.701;0 0;-1;0 -1;0;0 3.402 2.126 1920 1200
s DOOR-TOP 0;0.638;-1.701 0;0;1 0;1;0 3.402 2.126 1920 1200
s DOOR-BOTTOM 0;-0.638;-1.701 0;0;1 0;1;0 3.402 2.126 1920 1200

w FRONT 0;0;1.701 0;0;-1 0;1;0 3.402 3.402 1920 1920
w RIGHT 1.701;0;0 -1;0;0 0;1;0 3.402 3.402 1920 1920
w LEFT -1.701;0;0 1;0;0 0;1;0 3.402 3.402 1920 1920
w BOTTOM 0;-1.701;0 0;1;0 0;0;1 3.402 3.402 1920 1920
w TOP 0;1.701;0 0;-1;0 0;0;1 3.402 3.402 1920 1920
w DOOR 0;0;-1.701 0;0;1 0;1;0 3.402 3.402 1920 1920